# Created by Octave 4.0.0, Sat May 21 06:31:37 2016 BRT <fernando@fernando-Inspiron-5547>
# name: vc
# type: matrix
# rows: 1
# columns: 9
 0 1 2 3 4 5 6 7 8


# name: vd
# type: matrix
# rows: 1
# columns: 9
 1 0.9867543820659302 0.9400916510339515 0.9070294784580498 0.8956198484413377 0.863837598531476 0.863837598531476 0.863837598531476 0.863837598531476


# name: img2
# type: uint8 matrix
# ndims: 2
 64 174
 201
 205
 206
 202
 202
 206
 207
 212
 216
 218
 228
 225
 175
 174
 109
 73
 63
 67
 45
 95
 37
 47
 85
 72
 36
 89
 61
 67
 78
 64
 75
 136
 128
 222
 136
 198
 154
 93
 176
 123
 127
 98
 147
 137
 141
 139
 129
 131
 117
 103
 115
 105
 111
 119
 131
 109
 106
 255
 135
 135
 150
 160
 132
 123
 201
 212
 216
 213
 206
 211
 210
 217
 219
 221
 237
 229
 115
 117
 72
 67
 88
 78
 44
 73
 50
 55
 84
 50
 97
 80
 67
 65
 50
 71
 67
 140
 133
 188
 141
 161
 148
 141
 122
 136
 172
 118
 162
 134
 143
 136
 150
 135
 128
 110
 113
 115
 125
 127
 117
 122
 121
 176
 125
 142
 142
 166
 125
 112
 207
 210
 213
 212
 210
 211
 212
 214
 222
 222
 236
 234
 191
 118
 162
 52
 73
 58
 57
 68
 39
 35
 89
 48
 85
 61
 55
 60
 41
 53
 91
 140
 122
 204
 142
 149
 156
 128
 126
 141
 157
 115
 151
 135
 146
 133
 147
 132
 119
 120
 119
 108
 122
 116
 117
 113
 116
 122
 127
 133
 165
 159
 123
 70
 206
 216
 214
 213
 212
 214
 218
 219
 222
 230
 230
 237
 237
 242
 142
 88
 95
 65
 69
 47
 81
 57
 90
 102
 89
 61
 29
 76
 52
 63
 111
 137
 120
 132
 150
 150
 148
 160
 136
 142
 149
 125
 150
 138
 134
 130
 153
 124
 127
 109
 114
 117
 117
 126
 116
 120
 122
 123
 241
 160
 169
 153
 98
 116
 213
 221
 214
 216
 213
 209
 216
 218
 222
 232
 227
 234
 239
 247
 234
 109
 77
 69
 52
 58
 83
 35
 43
 92
 59
 55
 44
 74
 55
 67
 94
 121
 104
 140
 186
 141
 149
 160
 109
 155
 132
 137
 141
 141
 131
 191
 157
 137
 124
 119
 123
 117
 125
 128
 105
 119
 123
 134
 255
 194
 165
 154
 82
 127
 214
 221
 223
 217
 219
 215
 214
 222
 227
 228
 236
 238
 245
 248
 241
 167
 119
 112
 61
 57
 49
 52
 42
 90
 44
 58
 58
 94
 77
 181
 70
 126
 138
 255
 255
 255
 238
 52
 137
 244
 99
 154
 140
 150
 138
 255
 149
 129
 120
 112
 124
 111
 113
 118
 113
 122
 118
 145
 192
 255
 157
 145
 127
 122
 210
 224
 225
 223
 222
 216
 216
 223
 232
 231
 234
 243
 240
 240
 245
 218
 185
 102
 71
 82
 88
 72
 56
 92
 74
 38
 30
 70
 223
 211
 119
 255
 255
 255
 255
 255
 255
 86
 78
 66
 50
 155
 140
 147
 140
 251
 139
 128
 119
 125
 119
 115
 121
 113
 130
 112
 134
 133
 154
 255
 167
 147
 151
 191
 212
 222
 224
 227
 223
 222
 220
 224
 237
 233
 240
 249
 240
 244
 248
 238
 115
 80
 101
 83
 52
 62
 52
 78
 60
 40
 69
 67
 64
 65
 90
 222
 50
 55
 255
 255
 255
 86
 255
 72
 105
 169
 139
 137
 139
 155
 144
 139
 124
 117
 105
 118
 119
 111
 121
 128
 134
 136
 156
 255
 181
 162
 148
 129
 207
 222
 225
 229
 222
 222
 226
 240
 241
 243
 244
 252
 244
 240
 247
 239
 91
 88
 70
 121
 84
 49
 40
 236
 34
 37
 73
 81
 73
 64
 52
 57
 43
 50
 255
 255
 255
 243
 255
 47
 52
 168
 142
 142
 143
 154
 146
 136
 121
 116
 115
 111
 125
 120
 128
 134
 121
 154
 150
 255
 146
 164
 156
 159
 208
 221
 225
 229
 224
 226
 233
 240
 244
 237
 248
 248
 245
 243
 249
 236
 174
 96
 72
 95
 58
 180
 214
 209
 188
 174
 244
 134
 98
 120
 79
 129
 79
 29
 255
 255
 255
 255
 255
 53
 30
 159
 146
 145
 145
 146
 146
 130
 117
 114
 120
 120
 121
 111
 119
 123
 127
 158
 159
 143
 161
 149
 150
 132
 211
 220
 223
 235
 233
 234
 235
 243
 242
 240
 246
 245
 243
 247
 246
 242
 129
 78
 57
 71
 52
 81
 52
 59
 255
 235
 122
 116
 77
 95
 63
 61
 58
 53
 255
 255
 255
 255
 255
 138
 22
 153
 149
 140
 143
 151
 141
 132
 114
 119
 130
 105
 124
 130
 121
 122
 150
 155
 156
 172
 153
 154
 156
 197
 205
 216
 223
 235
 235
 247
 240
 242
 245
 243
 243
 241
 242
 240
 248
 246
 234
 146
 100
 116
 87
 83
 47
 70
 87
 76
 75
 50
 52
 41
 64
 31
 44
 81
 255
 255
 255
 255
 255
 230
 24
 149
 149
 137
 163
 153
 151
 131
 114
 120
 116
 114
 115
 125
 128
 138
 161
 149
 162
 153
 164
 160
 147
 167
 207
 208
 224
 240
 241
 246
 240
 238
 247
 249
 246
 246
 247
 244
 250
 245
 194
 185
 176
 195
 186
 153
 154
 120
 127
 100
 94
 80
 71
 40
 66
 255
 51
 38
 130
 255
 255
 255
 119
 255
 23
 147
 144
 138
 172
 146
 182
 121
 126
 119
 118
 120
 120
 121
 131
 141
 148
 155
 153
 156
 153
 156
 171
 197
 208
 52
 224
 237
 239
 244
 243
 236
 244
 252
 245
 247
 244
 244
 246
 246
 242
 176
 139
 114
 133
 116
 65
 60
 74
 77
 77
 66
 42
 43
 57
 33
 255
 63
 54
 255
 255
 255
 52
 255
 22
 150
 142
 146
 157
 151
 233
 128
 110
 118
 118
 113
 124
 124
 132
 149
 159
 168
 154
 163
 159
 165
 195
 149
 210
 211
 49
 236
 240
 245
 247
 240
 242
 249
 241
 249
 248
 247
 123
 77
 141
 144
 141
 97
 121
 104
 80
 79
 49
 62
 72
 59
 51
 73
 81
 37
 40
 115
 255
 255
 255
 255
 255
 205
 27
 132
 142
 158
 164
 159
 149
 122
 127
 130
 120
 118
 123
 145
 137
 150
 147
 174
 170
 163
 159
 134
 193
 160
 211
 214
 220
 233
 240
 243
 245
 249
 245
 244
 242
 247
 251
 158
 137
 202
 243
 251
 247
 232
 172
 112
 94
 98
 92
 86
 81
 81
 73
 70
 128
 40
 42
 50
 97
 255
 255
 234
 70
 89
 93
 130
 136
 147
 170
 157
 150
 118
 129
 115
 110
 123
 127
 136
 140
 151
 142
 155
 184
 158
 163
 201
 116
 145
 208
 215
 225
 217
 246
 255
 255
 238
 228
 236
 243
 246
 249
 250
 94
 138
 90
 70
 81
 66
 75
 41
 30
 81
 85
 45
 74
 77
 67
 91
 109
 51
 89
 92
 34
 255
 255
 255
 64
 172
 65
 129
 145
 170
 173
 156
 151
 122
 135
 118
 120
 128
 134
 142
 163
 152
 149
 165
 159
 139
 135
 151
 98
 113
 207
 212
 222
 222
 243
 245
 253
 251
 242
 244
 245
 254
 254
 240
 114
 95
 80
 85
 49
 64
 77
 36
 26
 83
 64
 65
 54
 88
 81
 79
 123
 78
 94
 69
 59
 255
 255
 255
 67
 231
 31
 120
 139
 162
 165
 148
 135
 126
 132
 121
 117
 132
 123
 148
 160
 163
 170
 159
 154
 155
 197
 141
 116
 152
 207
 215
 219
 229
 241
 246
 250
 243
 237
 241
 240
 255
 255
 104
 95
 92
 113
 83
 65
 59
 61
 44
 45
 73
 51
 62
 68
 86
 70
 87
 98
 49
 120
 107
 154
 255
 255
 255
 54
 255
 31
 116
 140
 171
 170
 150
 138
 128
 122
 110
 107
 134
 136
 144
 173
 147
 157
 156
 157
 149
 178
 160
 133
 138
 210
 211
 218
 249
 238
 242
 249
 252
 241
 239
 249
 254
 255
 253
 208
 107
 125
 109
 80
 57
 43
 44
 62
 56
 84
 186
 90
 160
 184
 191
 234
 87
 252
 134
 216
 255
 255
 255
 36
 202
 20
 120
 143
 169
 166
 153
 129
 131
 117
 119
 127
 133
 137
 164
 165
 158
 165
 157
 179
 224
 191
 169
 128
 97
 211
 219
 215
 251
 232
 243
 252
 242
 240
 238
 245
 254
 255
 255
 246
 202
 148
 107
 72
 70
 45
 39
 56
 52
 67
 255
 241
 73
 79
 76
 139
 49
 180
 180
 234
 255
 255
 242
 63
 79
 19
 123
 162
 182
 152
 154
 126
 119
 125
 127
 125
 146
 152
 168
 168
 163
 168
 164
 147
 221
 168
 151
 122
 116
 207
 219
 219
 227
 231
 246
 246
 251
 245
 242
 244
 249
 255
 255
 249
 255
 146
 81
 67
 85
 61
 50
 59
 80
 60
 74
 73
 57
 51
 64
 141
 43
 115
 193
 178
 255
 255
 47
 126
 24
 17
 126
 169
 173
 158
 138
 123
 170
 127
 121
 128
 139
 167
 166
 185
 168
 171
 171
 200
 209
 142
 186
 111
 96
 212
 215
 222
 225
 242
 245
 246
 247
 248
 245
 244
 252
 255
 255
 254
 253
 250
 157
 97
 75
 58
 69
 82
 83
 83
 58
 253
 255
 111
 101
 170
 84
 127
 198
 183
 255
 255
 47
 168
 47
 18
 133
 174
 178
 151
 145
 118
 216
 132
 105
 122
 136
 171
 196
 169
 172
 172
 146
 202
 155
 147
 190
 124
 112
 209
 215
 217
 226
 236
 243
 245
 247
 250
 248
 248
 250
 255
 255
 255
 251
 252
 152
 111
 80
 85
 69
 91
 40
 59
 255
 255
 61
 46
 47
 144
 54
 130
 184
 186
 186
 255
 249
 108
 149
 31
 132
 181
 165
 158
 134
 122
 127
 132
 122
 140
 148
 156
 165
 181
 174
 171
 187
 194
 135
 184
 209
 113
 114
 211
 213
 220
 226
 232
 246
 248
 253
 255
 247
 247
 250
 255
 255
 255
 250
 251
 252
 196
 91
 80
 68
 63
 83
 147
 39
 41
 66
 74
 96
 129
 110
 170
 190
 193
 181
 157
 167
 146
 149
 43
 144
 168
 169
 153
 140
 119
 131
 122
 127
 134
 143
 153
 164
 163
 176
