# Created by Octave 4.0.0, Wed May 18 15:12:47 2016 BRT <fernando@fernando-Inspiron-5547>
# name: vc
# type: matrix
# rows: 1
# columns: 10
 1 2 3 4 5 6 7 8 9 10


# name: vd
# type: matrix
# rows: 1
# columns: 10
 1 0.972972972972973 0.9273182957393483 0.9070294784580498 0.8837723123437409 0.863837598531476 0.863837598531476 0.863837598531476 1.040607454601624 1.624202816839581


