# Created by Octave 4.0.0, Sat May 21 04:02:17 2016 BRT <fernando@fernando-Inspiron-5547>
# name: vc
# type: matrix
# rows: 1
# columns: 8
 1 2 3 4 5 6 7 8


# name: vd
# type: matrix
# rows: 1
# columns: 8
 1 0.9860132971832694 0.9523809523809523 0.9523809523809523 0.9394227846020416 0.9070294784580498 0.9070294784580498 0.9070294784580498


# name: img2
# type: uint8 matrix
# ndims: 2
 64 174
 201
 208
 211
 205
 199
 202
 204
 210
 215
 220
 229
 222
 176
 174
 112
 75
 63
 72
 46
 97
 35
 46
 83
 71
 36
 86
 62
 70
 75
 64
 72
 135
 127
 216
 138
 202
 142
 85
 163
 122
 130
 95
 152
 140
 140
 140
 131
 134
 118
 102
 115
 107
 114
 118
 129
 108
 102
 255
 131
 133
 150
 158
 135
 123
 204
 214
 213
 216
 207
 208
 212
 216
 219
 223
 236
 233
 117
 121
 70
 67
 88
 76
 46
 72
 53
 55
 88
 50
 98
 77
 67
 65
 49
 70
 65
 145
 170
 255
 255
 255
 28
 177
 175
 54
 173
 116
 160
 136
 143
 135
 144
 135
 132
 112
 116
 116
 130
 129
 119
 122
 119
 172
 122
 146
 145
 160
 122
 114
 208
 211
 212
 214
 207
 208
 216
 216
 221
 224
 236
 236
 193
 117
 160
 52
 76
 58
 57
 68
 41
 32
 86
 46
 86
 60
 57
 59
 41
 56
 92
 255
 255
 255
 255
 255
 255
 72
 64
 33
 161
 120
 153
 136
 149
 139
 146
 131
 117
 122
 118
 110
 120
 114
 118
 113
 116
 122
 125
 134
 167
 162
 124
 71
 208
 213
 211
 211
 211
 210
 216
 218
 229
 232
 229
 239
 237
 243
 144
 90
 95
 64
 70
 50
 83
 57
 87
 105
 94
 59
 30
 76
 50
 62
 170
 43
 55
 240
 255
 255
 255
 190
 255
 23
 145
 127
 150
 135
 133
 134
 153
 125
 125
 109
 112
 123
 117
 130
 116
 124
 123
 124
 235
 160
 168
 152
 95
 118
 214
 217
 218
 214
 214
 214
 216
 221
 223
 234
 231
 236
 237
 245
 236
 111
 74
 67
 48
 58
 86
 36
 46
 90
 62
 54
 43
 71
 56
 68
 237
 61
 42
 49
 255
 255
 255
 50
 255
 22
 131
 134
 145
 144
 131
 200
 154
 140
 127
 121
 119
 117
 126
 134
 107
 117
 125
 136
 255
 198
 162
 159
 81
 122
 209
 224
 222
 217
 216
 213
 219
 219
 228
 237
 234
 238
 242
 242
 242
 168
 119
 109
 58
 53
 49
 56
 42
 91
 46
 55
 59
 97
 75
 173
 232
 88
 53
 35
 255
 255
 255
 52
 255
 22
 106
 154
 138
 152
 138
 255
 145
 131
 117
 115
 122
 110
 114
 123
 111
 120
 122
 144
 188
 255
 154
 144
 130
 122
 209
 221
 222
 221
 219
 220
 217
 219
 238
 238
 238
 244
 236
 246
 245
 215
 187
 102
 69
 83
 89
 73
 54
 90
 81
 37
 29
 68
 227
 211
 159
 85
 55
 63
 255
 255
 255
 238
 255
 22
 108
 156
 142
 145
 139
 251
 139
 128
 118
 126
 119
 116
 114
 114
 127
 111
 136
 134
 155
 255
 169
 146
 149
 194
 206
 221
 225
 226
 220
 218
 222
 229
 238
 237
 241
 251
 239
 244
 247
 242
 118
 81
 103
 81
 48
 64
 51
 79
 64
 42
 69
 67
 66
 64
 70
 34
 59
 124
 255
 255
 255
 255
 255
 32
 124
 161
 139
 141
 142
 159
 144
 136
 126
 117
 105
 115
 120
 107
 123
 129
 131
 140
 155
 255
 181
 159
 146
 127
 214
 224
 224
 231
 220
 222
 225
 241
 237
 239
 242
 251
 241
 242
 250
 238
 92
 89
 67
 122
 87
 48
 39
 241
 32
 35
 72
 82
 76
 64
 64
 255
 72
 63
 157
 255
 255
 255
 255
 44
 44
 163
 137
 139
 142
 154
 149
 133
 120
 111
 118
 116
 125
 120
 127
 138
 121
 155
 147
 255
 148
 160
 158
 163
 210
 217
 223
 231
 225
 226
 230
 246
 238
 237
 250
 249
 246
 240
 249
 241
 177
 93
 75
 98
 59
 180
 217
 210
 192
 176
 244
 139
 92
 120
 60
 40
 28
 255
 181
 255
 255
 255
 255
 125
 25
 157
 146
 143
 142
 146
 144
 131
 118
 113
 121
 119
 117
 110
 122
 123
 131
 156
 159
 137
 158
 153
 151
 133
 211
 215
 222
 235
 232
 238
 233
 241
 241
 239
 245
 244
 241
 241
 252
 242
 133
 75
 55
 71
 54
 79
 50
 59
 255
 234
 125
 114
 80
 96
 59
 37
 40
 42
 255
 255
 255
 28
 73
 108
 38
 148
 146
 141
 144
 150
 145
 130
 115
 120
 130
 108
 121
 130
 120
 123
 153
 153
 154
 175
 152
 161
 154
 192
 207
 220
 222
 229
 236
 244
 242
 237
 246
 241
 243
 245
 245
 247
 246
 247
 235
 145
 100
 107
 85
 82
 46
 71
 87
 78
 74
 48
 54
 40
 55
 61
 51
 44
 226
 255
 255
 96
 88
 69
 40
 146
 151
 134
 166
 154
 156
 129
 115
 122
 112
 118
 112
 123
 129
 138
 152
 148
 162
 154
 166
 159
 147
 167
 206
 211
 231
 233
 241
 246
 243
 233
 244
 246
 245
 249
 244
 244
 248
 245
 198
 185
 179
 195
 184
 158
 154
 125
 131
 99
 96
 83
 72
 41
 73
 61
 80
 104
 241
 255
 255
 255
 121
 162
 23
 144
 145
 137
 167
 146
 186
 121
 126
 119
 118
 119
 121
 121
 134
 141
 144
 155
 151
 152
 153
 157
 172
 195
 207
 51
 221
 232
 239
 244
 238
 235
 246
 249
 244
 247
 243
 243
 242
 242
 243
 168
 132
 117
 127
 122
 68
 61
 72
 79
 78
 64
 45
 41
 62
 161
 89
 106
 255
 255
 255
 255
 56
 255
 20
 142
 142
 143
 158
 151
 242
 129
 113
 115
 116
 114
 124
 123
 134
 150
 158
 166
 156
 165
 161
 169
 196
 145
 207
 214
 52
 239
 238
 241
 246
 242
 240
 246
 244
 254
 248
 248
 125
 77
 147
 145
 142
 95
 115
 114
 80
 82
 50
 62
 68
 61
 53
 73
 94
 116
 202
 98
 255
 255
 255
 255
 37
 162
 20
 133
 138
 158
 161
 162
 148
 118
 129
 130
 117
 115
 124
 143
 138
 146
 149
 171
 170
 162
 160
 133
 187
 157
 205
 213
 224
 237
 241
 241
 245
 244
 240
 242
 243
 247
 250
 155
 130
 203
 241
 251
 250
 239
 177
 115
 95
 101
 95
 88
 81
 83
 74
 72
 128
 52
 162
 171
 255
 255
 255
 255
 79
 186
 19
 129
 136
 146
 167
 155
 150
 117
 129
 116
 111
 123
 128
 141
 140
 150
 145
 156
 191
 160
 164
 202
 119
 144
 209
 216
 225
 220
 246
 255
 255
 239
 227
 234
 246
 253
 251
 249
 98
 132
 91
 65
 79
 67
 76
 41
 31
 83
 87
 44
 74
 76
 68
 92
 104
 37
 157
 230
 255
 255
 255
 35
 128
 232
 19
 125
 141
 165
 172
 156
 149
 122
 131
 117
 123
 129
 138
 146
 159
 151
 147
 169
 164
 141
 136
 155
 98
 114
 207
 212
 221
 222
 239
 247
 251
 251
 242
 241
 246
 254
 254
 237
 113
 95
 80
 87
 50
 62
 73
 34
 28
 83
 64
 61
 53
 86
 83
 80
 112
 44
 136
 190
 154
 255
 255
 39
 137
 171
 21
 115
 137
 166
 170
 146
 130
 125
 130
 120
 119
 127
 123
 147
 158
 161
 176
 160
 156
 153
 198
 141
 117
 151
 206
 212
 223
 227
 242
 245
 252
 240
 241
 242
 241
 253
 255
 105
 95
 97
 113
 82
 67
 56
 62
 42
 46
 74
 53
 62
 69
 83
 65
 88
 97
 50
 161
 182
 157
 207
 255
 255
 137
 74
 69
 114
 138
 168
 168
 153
 132
 126
 123
 112
 112
 130
 133
 142
 170
 149
 154
 159
 154
 149
 181
 163
 131
 137
 207
 211
 218
 248
 233
 244
 247
 248
 244
 240
 245
 254
 255
 252
 211
 108
 126
 107
 78
 53
 41
 42
 61
 56
 81
 168
 89
 158
 180
 194
 229
 89
 252
 105
 205
 212
 199
 159
 116
 161
 128
 119
 141
 165
 168
 153
 130
 130
 121
 113
 126
 134
 136
 161
 171
 165
 167
 159
 179
 223
 189
 169
 130
 97
 216
 217
 219
 251
 235
 242
 249
 247
 241
 243
 246
 252
 255
 255
 245
 204
 146
 113
 70
 70
 45
 41
 55
 52
 66
 255
 243
 74
 76
 75
 139
 49
 178
 181
 182
 110
 150
 117
 111
 163
 123
 123
 156
 177
 150
 153
 126
 120
 127
 127
 125
 140
 152
 170
 170
 160
 168
 162
 149
 213
 170
 151
 127
 115
 214
 213
 219
 231
 236
 243
 248
 251
 249
 241
 245
 254
 255
 255
 255
 254
 144
 81
 67
 88
 60
 50
 57
 77
 61
 70
 71
 57
 52
 62
 145
 43
 115
 192
 176
 164
 153
 115
 153
 156
 117
 132
 167
 171
 154
 135
 125
 176
 126
 121
 129
 139
 162
 161
 182
 167
 165
 166
 199
 213
 144
 189
 108
 98
 210
 210
 217
 224
 235
 244
 245
 251
 247
 244
 250
 249
 255
 255
 255
 253
 251
 151
 92
 74
 59
 70
 79
 82
 82
 58
 254
 255
 111
 104
 169
 84
 133
 194
 176
 170
 136
 129
 175
 153
 118
 138
 172
 180
 151
 144
 119
 215
 133
 111
 120
 136
 170
 200
 171
 167
 167
 150
 203
 156
 147
 187
 125
 113
 211
 212
 220
 222
 235
 243
 241
 242
 255
 249
 245
 248
 255
 255
 255
 253
 252
 149
 105
 78
 84
 67
 90
 41
 61
 255
 255
 61
 44
 49
 146
 50
 129
 186
 188
 182
 164
 152
 243
 154
 121
 131
 180
 171
 159
 138
 121
 127
 132
 122
 140
 151
 156
 163
 187
 175
 169
 180
 197
 143
 187
 210
 115
 112
 210
 212
 220
 220
 230
 244
 242
 250
 255
 249
 250
 250
 255
 255
 255
 250
 251
 248
 197
 89
 81
 70
 62
 82
 149
 43
 41
 67
 74
 98
 126
 106
 163
 185
 193
 186
 160
 157
 220
 151
 119
 143
 164
 167
 149
 138
 120
 128
 120
 128
 135
 142
 156
 164
 167
 180
 188
 202
